0 0 0 0 0 0 0 0 0 0 0 0 0 0 0 0 0 0 0 0 0 0 0 0 0 0 0 0 0 0 0 0 
0 0 0 0 0 0 0 0 0 0 0 0 0 0 0 0 0 0 0 0 0 0 0 0 0 0 0 0 0 0 0 0 
0.557042 1.23628 1.49167 2.45812 4.49232 6.28263 6.82341 7.07875 8.70654 11.187 12.1749 11.052 10.5546 13.3412 17.8806 19.875 17.9876 16.0436 18.0845 22.72 24.8248 22.6854 20.6923 23.3753 28.7577 30.5648 26.8107 23.007 25.0793 31.2728 34.2411 30.881 
2.22817 3.90077 6.78598 14.2096 17.9253 20.1277 27.4557 34.6974 36.2616 39.3596 47.918 55.8684 57.6131 58.6822 64.9589 73.0424 72.463 68.2645 79.0399 97.4776 95.4232 86.5436 100.655 115.214 102.034 99.4 124.553 130.896 116.95 126.982 143.294 136.1 
2.70563 2.9408 11.2869 15.3518 22.106 25.9895 27.5822 38.5825 41.6406 40.687 50.0101 49.451 57.9961 57.4653 63.4136 72.0336 76.2458 81.9209 85.6485 95.8236 93.7068 87.5151 103.337 105.236 115.572 114.38 119.583 144.487 124.596 126.582 135.671 142.01 
7.32113 7.59603 39.2978 37.4227 71.2145 69.8889 101.135 100.541 128.263 125.524 150.138 157.018 186.143 163.344 230.272 197.025 241.547 244.538 275.382 251.065 311.814 281.026 349.663 288.397 405.21 300.198 421.446 355.453 414.684 401.449 438.694 430.962 
11.2204 8.24889 74.925 59.3733 125.83 123.946 173.49 172.7 217.805 222.781 253.916 276.566 307.219 314.084 345.442 365.59 397.173 417.06 428.152 471.649 473.286 510.954 512.945 579.863 556.811 598.865 663.472 572.567 790.283 596.91 789.576 703.92 
17.2683 18.013 97.2999 88.7495 185.761 178.71 245.107 281.209 313.226 358.957 387.102 435.11 473.469 507.215 551.581 587.974 609.866 673.229 685.181 728.743 758.811 786.872 866.085 869.623 895.021 1016.31 943.368 1104.57 971.727 1180.78 1176.55 1125.89 
29.1254 33.6543 154.571 145.682 297.872 278.685 451.307 421.27 607.705 539.657 751.83 712.234 824.154 900.107 954.374 1040.72 1114.62 1198.07 1257.54 1340.34 1431.96 1532.95 1544.58 1719.8 1656.65 1906.37 1751.79 2083.4 2007.93 2108.34 2202.92 2230.49 
42.2556 39.7869 224.954 221.667 412.218 430.572 578.188 619.625 722.986 822.308 901.716 996.242 1140.61 1147.09 1321.7 1325.45 1553.29 1491.94 1721.69 1711.87 1879.89 1855.92 2074.84 2031.54 2218.58 2226.98 2434.18 2341.12 2641.07 2577.41 2777.98 2797.26 
44.3247 42.954 229.655 258.487 405.544 470.65 603.35 633.585 802.84 836.434 984.295 999.53 1202.37 1144.76 1387.96 1386.8 1551.38 1512.31 1815.18 1719.93 2008.65 1906.12 2126.1 2171.98 2342.51 2324.3 2593.12 2527.51 2789.63 2731.41 3025.48 2911.27 
43.5289 42.697 202.057 267.217 403.751 450.441 583.045 662.692 771.835 830.727 955.982 1032 1093.24 1239.68 1259.44 1404.27 1482.74 1545.43 1695.98 1688.01 1861.48 1873.83 2053.2 2020.81 2235.42 2175.51 2434.53 2352.17 2574.5 2570.83 2794.66 2642.64 
46.2345 43.7621 219.789 285.249 393.368 471.401 610.929 667.889 770.32 856.689 967.614 1033.44 1125.19 1235.44 1340.68 1404.54 1506.98 1600.27 1676.46 1782.35 1865.93 1970.55 2005.09 2176.49 2232.23 2288.16 2440.39 2521.21 2580.75 2684.28 2771.24 2899.54 
41.3007 37.2281 209.445 251.482 375.714 460.472 559.08 627.366 736.899 801.554 926.216 972.989 1124.97 1160.62 1295.95 1389.01 1455.17 1536.61 1648.86 1750.84 1777.49 1980.68 1973.28 2139.8 2189.4 2354.17 2340.63 2584.13 2524 2716.1 2699.34 2943.61 
42.2556 31.763 218.12 246.006 381.679 432.105 551.822 568.695 745.922 746.41 886.233 917.576 1069.6 1059.2 1264.38 1260.28 1352.53 1458.49 1568.92 1592.52 1776.87 1792.72 1983.29 1945.84 2185.28 2139.61 2328.23 2358.45 2468.32 2535.49 2604.37 2760.63 
45.9958 31.4138 235.764 251.747 378.052 436.404 539.498 585.045 711.02 727.601 861.619 872.122 1064.67 985.035 1277.73 1159.35 1387.92 1407.76 1574.2 1527.32 1810.71 1700.74 1933.97 1930.38 2075.27 2081.62 2269.03 2197.79 2464.33 2397.39 2584.02 2588.22 
47.9852 27.7595 252.021 228.615 411.151 396.046 565.885 561.413 763.04 688.675 959.589 855.197 1108.77 1023.4 1309.4 1182.59 1462.62 1412.96 1537.91 1645.39 1708.22 1795.31 1896.77 1936.5 2116.05 2119.38 2229.8 2345.87 2410.01 2504.44 2589.96 2633.46 
53.0782 21.8766 293.143 201.763 429.435 379.5 533.557 565.582 697.336 687.694 890.508 835.257 1012.06 1026.09 1146.68 1164.98 1327.42 1270.69 1540.97 1407.82 1722.53 1560.77 1896.86 1713.65 2095.74 1882.54 2221.81 2097.34 2445.66 2247.65 2602.65 2488.36 
49.4176 20.3684 253.941 194.189 381.733 334.605 503.29 545.846 642.555 647.148 796.796 779.77 963.92 956.071 1062.69 1099.56 1307.82 1237.73 1422.45 1390.33 1664.54 1584.15 1681.58 1822.69 1955.21 1846.5 2203.64 1999.22 2369.77 2162.4 2488.99 2388.12 
42.7331 15.4547 213.451 165.491 311.931 282.722 434.986 460.267 562.595 537.488 748.611 636.277 932.404 753.501 1011.75 981.056 1163.85 1092.76 1280.7 1332.69 1471.19 1343.25 1681.9 1590.39 1779.48 1732.62 1890.07 2033.99 1962.63 2149.45 2166.73 2267.3 
34.3775 12.8344 193.225 154.933 279.456 273.368 405.309 401.832 509.546 505.575 639.615 657.187 730.888 782.365 849.019 946.039 988.937 985.427 1230.01 1082.03 1399.64 1160.41 1587.9 1361.24 1632.73 1531.84 1773.25 1712.15 1857.67 1826.87 2098.89 1915.3 
26.2606 10.4214 159.204 145.164 209.171 260.133 310.505 331.565 393.02 405.237 474.377 493.786 560.926 549.062 660.984 648.903 759.46 695.153 903.412 821.818 933.339 970.536 1030.49 1068.58 1108.23 1166.63 1225.73 1255.31 1342.16 1307.57 1529.66 1398.1 
24.0324 9.24783 154.135 136.075 191.702 263.572 277.28 325.129 402.315 375.238 486.375 509.001 523.226 564.183 688.532 574.791 772.199 685.085 840.478 809.264 850.702 988.879 941.41 1000.93 1100.74 1086.12 1199.71 1204.82 1243.4 1432.94 1269.98 1509.72 
24.669 8.21394 154.609 128.469 174.063 223.309 279.107 254.862 358.497 349.429 401.315 457.072 454.443 524.069 558.956 551.858 613.267 642.922 674.749 658.294 827.877 696.003 889.35 827.72 964.764 905.087 1052.49 980.01 1139.47 1050.39 1189.3 1185.27 
25.9423 8.17989 180.093 133.492 218.444 262.979 336.533 286.871 473.419 431.271 496.757 593.132 619.213 645.233 778.15 738.357 837.374 899.657 919.29 1013.01 1050.29 1157.89 1124.45 1310.93 1220.52 1390.6 1368.99 1467.42 1544.14 1547.74 1695.74 1700.95 
18.5416 4.68188 117.609 64.3849 142.602 135.657 164.426 167.536 244.442 151.554 310.901 213.739 328.256 291.583 355.769 332.906 435.966 373.221 471.159 428.545 508.832 451.566 572.788 468.498 624.991 533.867 652.129 615.74 705.707 655.158 796.38 666.641 
17.6662 2.90182 112.093 43.0268 120.124 87.6349 136.309 110.791 192.069 116.967 242.916 160.241 258.914 212.795 284.674 240.601 319.439 258.072 350.428 282.411 385.141 302.795 411.771 350.529 431.314 386.616 460.374 396.498 509.743 392.834 525.191 432.773 
5.72958 0.917412 44.2203 18.5061 51.644 46.5456 55.205 57.6945 77.8071 57.6587 108.538 68.6427 107.946 94.6405 102.633 93.0391 121.105 93.9423 125.966 114.572 131.713 127.678 149.423 130.002 163.181 148.069 160.767 172.34 180.672 168.961 211.491 177.213 
1.35282 0.121583 14.5871 3.44075 23.6324 11.7005 21.2801 15.1243 20.6811 10.6979 25.047 11.169 26.3773 19.0085 28.1473 21.1272 35.102 17.9144 36.9512 21.9542 30.6612 28.7931 32.194 26.9513 44.6727 25.9711 50.1444 37.0472 46.3615 46.4834 50.6754 42.7088 
0 0 0 0 0 0 0 0 0 0 0 0 0 0 0 0 0 0 0 0 0 0 0 0 0 0 0 0 0 0 0 0 
0 0 0 0 0 0 0 0 0 0 0 0 0 0 0 0 0 0 0 0 0 0 0 0 0 0 0 0 0 0 0 0 
0 0 0 0 0 0 0 0 0 0 0 0 0 0 0 0 0 0 0 0 0 0 0 0 0 0 0 0 0 0 0 0 
